accuracy: 0.8089973898357132
confusion_matrix:
- - 3952
  - 990
- - 254
  - 1317
metrics_path: artifacts\metrics.json
report:
  '0':
    f1-score: 0.8640139921294272
    precision: 0.9396100808368997
    recall: 0.7996762444354513
    support: 4942.0
  '1':
    f1-score: 0.6792160907684374
    precision: 0.5708712613784135
    recall: 0.838319541693189
    support: 1571.0
  accuracy: 0.8089973898357132
  macro avg:
    f1-score: 0.7716150414489322
    precision: 0.7552406711076566
    recall: 0.8189978930643201
    support: 6513.0
  weighted avg:
    f1-score: 0.819438911054943
    precision: 0.8506666315248651
    recall: 0.8089973898357132
    support: 6513.0
